2.024956590958438933e-04
2.654156227216210328e-04
7.047314121155778821e-19
1.064069124705764981e-04
1.773433851140797856e-04
9.182810757498345588e-05
1.156725732940678712e-04
6.047876632360132780e-04
6.091844677288703243e-05
1.521899685894958565e-04
1.294230453558051143e-04
4.568797642992367342e-04
2.467638620872518408e-04
1.659258090463331097e-04
1.216331031843699356e-04
9.134388945470058919e-05
8.180872455629933091e-05
4.351618445254017760e-05
7.106456143802138148e-05
1.952508917766776248e-04
1.929619082783483775e-04
2.401139058793812155e-04
2.438133826377580720e-04
2.957664154468566450e-04
7.752419167403329240e-04
1.612689046232990142e-04
5.306591732334818698e-04
3.971181949669637585e-04
1.311392128274276384e-03
1.048209865672909853e-04
5.685473719502438014e-05
7.796368187346281635e-05
4.282645859210988887e-04
2.136486938250901121e-04
4.583295284534752971e-05
5.722651028095843563e-05
-1.626303258728256651e-19
1.360214423126258475e-04
2.823156144029411179e-05
1.217343342723713629e-03
7.821679215746504214e-05
6.829144365661991942e-05
1.673478000226801378e-04
8.784488553932139055e-05
3.264150700510679037e-04
8.749671235388787661e-05
1.415643001853176316e-04
1.993405073736212246e-04
1.688914554016196327e-04
1.081589356846564411e-04
2.374052681099556451e-04
2.168978204299060262e-04
1.444620693883971415e-04
1.017097670110471490e-04
8.089930266107049433e-05
1.422367351655884652e-04
6.647672660572390385e-05
4.767268972888458883e-04
1.089862496689238168e-04
2.065074402749098254e-04
1.951008409416280453e-04
4.709331841251120608e-05
1.069653231454867451e-04
1.695292534622032615e-04
2.606312481964679273e-04
3.982315106831074854e-05
1.233449526599553203e-04
6.312137409426525723e-05
1.176172383191953334e-04
1.079597522237296225e-04
2.684180042619388690e-04
6.790357120801654553e-05
8.873590689093371116e-05
9.903336705057244355e-05
4.533190424493916456e-04
1.194497651704710798e-04
3.341053366672609238e-05
5.840017953056032287e-05
1.471996548033511739e-04
2.828870536732413111e-04
1.181480427932455176e-04
3.030587529923656556e-04
4.004572108997428784e-04
5.665424584304746094e-05
1.397677941017327809e-04
1.919784441564811634e-04
2.922110971107328239e-04
6.137424681156015320e-04
9.745817635126226178e-05
1.063437798340429033e-04
6.055173162338508153e-05
3.515103537892314998e-04
7.027292137980016822e-04
8.343118599506805589e-05
3.791649379700791334e-04
1.076353464628933499e-04
2.119056925791272116e-04
2.687759630180368026e-04
1.068166302531807553e-04
2.725999384685889697e-04
1.124289999345826248e-03
5.877994996052333108e-05
1.054575860446164168e-04
2.279653090961652790e-04
7.132170599195134550e-05
4.857667386913061189e-05
2.666566723921383764e-04
3.588166005489613918e-04
1.147874997341258904e-04
1.011006131707811761e-04
1.126495455658822233e-04
3.119135047471533959e-04
1.864332348879888424e-04
6.884989425421134839e-05
3.873109425041633956e-04
1.139697479182603978e-04
7.861047747402056174e-05
5.528729463077550720e-04
1.391904031786340610e-04
9.541228343460723309e-05
2.529041704896067290e-04
1.689632829487243480e-04
1.166253139701313359e-03
1.845355571648392705e-04
3.419304778461231312e-04
2.855936934073261338e-04
4.399630413862467269e-04
2.154527263246473008e-04
1.597820638582976875e-04
6.218646188851834923e-05
6.363574437949258498e-05
8.386122816527800104e-05
1.428247613635042791e-04
8.180140741928445137e-05
9.813187998834532137e-05
1.449162939273966426e-04
1.552188403749159133e-04
1.360009552721797715e-04
8.937809878256213749e-05
1.996568936875138989e-04
4.412563713322984382e-05
6.853650262097524216e-04
7.436625761163345391e-05
5.222383229660087237e-05
8.466100766925517237e-05
2.057426097839645026e-04
1.453242562892387800e-04
8.340747554529733682e-05
1.489616295524994860e-04
2.433349152078293062e-04
1.562654801862584813e-04
1.049938613458725999e-04
8.682205614732611734e-05
7.877617245238899074e-05
1.294912944665870165e-04
4.477435515771188441e-04
1.335834807435462611e-04
1.012189342116570135e-04
1.014964687260196054e-04
1.509569618056677120e-04
8.105790749555581373e-05
1.538890506444047838e-04
6.500685618096792740e-05
2.640027123715356187e-04
4.264893903653763649e-04
2.032311427738559223e-04
5.239166825989144069e-05
2.703893091687899100e-05
2.532919102414576723e-04
7.398547100545976331e-05
1.862628137380616339e-04
3.055220240460239812e-05
3.038069314365282191e-04
2.610706736462502654e-05
1.638907915064802896e-04
1.441186331472938894e-04
9.294859501239012632e-05
1.002751820705054259e-04
3.383540445915281898e-04
1.466218076248786942e-04
8.251262107534138262e-05
1.092481349577194332e-04
9.309393882411634601e-05
7.963441135934150468e-05
4.678095210113824946e-04
4.171212184014102989e-04
4.128282954052337069e-04
1.428808477525282661e-04
2.070123166159095049e-04
4.065758146820641628e-19
1.855605255161188807e-04
8.756617372694674994e-05
7.122413496596950375e-04
2.862317447098860611e-04
1.120808867605282315e-04
4.541505703170440998e-05
5.985546351886039467e-05
1.704594278370814386e-04
2.641184744897474954e-04
9.905961710757965144e-05
7.401976141971797706e-05
7.153197880751702934e-05
1.039379820990494010e-04
5.935505762167547382e-05
1.227346309476035112e-04
2.291621287275760830e-04
1.476295302280690035e-04
-1.626303258728256651e-19
6.490101210319944530e-05
4.657880522941105226e-04
1.834925394095136570e-03
6.138518824585986820e-05
1.044771815361836644e-04
6.391868238165933683e-05
2.509340394601999391e-04
3.746651958647090460e-04
5.731278204772992911e-05
4.623007611883102070e-04
1.305596340451289623e-04
3.640428087383130486e-04
1.376528376661410305e-04
6.461751222589021116e-05
3.416185999791579030e-05
5.869204172802344526e-04
6.453693357274289510e-05
1.950047117901511579e-04
5.864036493738535884e-05
4.480826224847926176e-05
8.984795090991726371e-05
3.336969447440125654e-05
3.857408554813336978e-05
9.958791696142472592e-05
2.415723208982654090e-04
1.571171767446575315e-04
1.349700316971666914e-04
1.114006519963107387e-04
9.921924175742392145e-05
1.106698204131273064e-04
2.128891335522200244e-04
1.886611449870812484e-04
4.918907751098159395e-05
1.557532233738456902e-04
5.930138854098715825e-05
9.182699154096886840e-04
1.696225807713351813e-04
5.105261916030660115e-05
1.505717092893751777e-04
5.396530248546242095e-05
9.253687294264392065e-05
1.196982927049352729e-04
7.322637549749813277e-05
4.650023790682885223e-05
8.872519389593747498e-05
1.263327117035210369e-04
7.658401680879317836e-05
2.439996035032832695e-04
8.132964774423941058e-05
7.004072700032285470e-04
1.254444135041405425e-04
2.514899589915343264e-04
3.216966168675571480e-04
9.457640356913088291e-05
7.898674455427837429e-04
3.821899251747241672e-05
9.052948625022943943e-05
8.272057669701823163e-05
1.041822708038387172e-04
1.353264043144938162e-04
1.287755358551569043e-04
1.110492661422960001e-04
1.465342840467511029e-04
1.721056073069073249e-04
1.435811843004027315e-04
1.904578312525011274e-04
8.830744082696811601e-05
1.585921720405031972e-04
6.046524576137655223e-05
1.552712125327575449e-04
7.089978519173842407e-05
1.068723820208038823e-04
7.842337147964084892e-05
7.565730540746929062e-05
4.149526522304486939e-04
1.810091136897734035e-04
2.184633786442430879e-04
9.309081532507064622e-05
2.203345824700670330e-04
4.562754173781548425e-05
1.850307806331243673e-04
2.238885689835003385e-04
3.270619645688451166e-04
7.957913290587172433e-05
3.311921537130255806e-05
9.561826814151432789e-05
8.596515619340076939e-04
2.817445588495034623e-04
6.230472611455309265e-05
4.699211644685453255e-04
2.599757394748719239e-04
6.297363629519568630e-05
8.360073400919432619e-05
5.160001088415383953e-04
4.827177111758474532e-04
4.850722713267773911e-05
5.776910186799034312e-05
3.648820565861778760e-04
6.212490623385223253e-05
9.778975554794705049e-05
9.153728553214487214e-05
6.420344676419678599e-05
1.186776783173096859e-04
1.851894751659865460e-04
7.726868796918946270e-05
2.004579917179980279e-04
9.392326666977041463e-05
4.426145393237184306e-05
8.485322571774239829e-05
1.642186549793382276e-04
7.530397261209628343e-05
3.726082571988580984e-05
2.367916028071796915e-04
3.338138262259851140e-04
1.024483504402700295e-04
1.021707221074632946e-04
8.501482931345285383e-05
1.371787998329855487e-04
1.684360917637104521e-04
2.383468003341892324e-04
1.411389602445170012e-04
3.105737843680573445e-05
1.587329159320903429e-04
2.196931189119366384e-05
3.346116764570537415e-04
6.463399225802551450e-04
2.696319250664458021e-04
2.630655187310985922e-04
1.800067083528672724e-04
5.347917919169576382e-04
2.354820330589464314e-03
7.125209154350400703e-05
2.563678575475126760e-04
1.948169526990544656e-04
5.638539892624320463e-05
1.554485247157217525e-04
6.093910632338886456e-04
4.798660873007031549e-05
4.765247590315835644e-05
1.043804062746877338e-04
5.416902740144011478e-05
1.726814393398146867e-04
2.032894526070414161e-04
7.637058611085559279e-04
2.930809994943520081e-05
5.476897271501518527e-05
4.636059461856906335e-04
1.202808936022915949e-03
6.452642248845090662e-05
1.433714882286630306e-04
2.189559973084581547e-04
2.416175651733327902e-04
1.331336567257940945e-04
7.242680507492231003e-05
1.887831151955095287e-04
3.347274045752585982e-04
1.115382165574005401e-04
1.182959444243185534e-04
3.842427400782643494e-05
1.772087907966164917e-04
3.082461892115408880e-05
2.583853805399650180e-04
4.636135166852158604e-05
1.928067897271876262e-04
3.734170479294847281e-04
1.286839022933884301e-03
4.068155251948783643e-05
3.430987528815053630e-04
5.693881410260588768e-05
2.901819668875931348e-05
4.893014966058248589e-04
2.679458323191003433e-05
1.216175956289735499e-04
5.189684062314978987e-05
3.644148481153077716e-04
4.596735238391907357e-04
6.189006897854442584e-05
1.283129775133309955e-04
1.057466271116255140e-04
1.310618820983060987e-04
2.332376363684331177e-04
1.327758350621454243e-04
5.892206793987855889e-05
1.115405536364375634e-04
1.031835077365862594e-04
1.812180551416419836e-04
6.645061613645648685e-05
1.795027777434716793e-04
3.788966768392177146e-05
1.070908752415392171e-04
3.744247943469924852e-05
6.898511282249500322e-05
3.946712801909018145e-04
5.321172227503988836e-04
6.502024687788019700e-05
4.743300704201321757e-05
6.598707355568533914e-04
5.964261686250046371e-04
5.550971318102553660e-04
1.722278913242820443e-04
1.413448806134839149e-04
6.942736222151005407e-05
1.100335857091737563e-04
2.376455020978527483e-04
2.410907869534361292e-04
1.998500586584435598e-04
8.801537362000363181e-05
1.111527432068778716e-04
4.562519149822073707e-04
2.482702164836332994e-04
8.892885320649904961e-05
1.654722805250235704e-04
3.939752862703089662e-04
5.197607902525906579e-04
7.617939642261577693e-04
6.189557042918271954e-05
2.858450696328671383e-04
2.648933406546477055e-04
1.575169113216697264e-04
1.998615059860192134e-04
2.515015242334276129e-04
1.930506024676357331e-04
1.252009424921076677e-04
1.080961267716863320e-04
1.538118078529766885e-04
6.279357335422311188e-04
2.190964225735897854e-04
3.974136149992996939e-04
3.422193066863763789e-05
8.947211966102494444e-05
4.894512063734303756e-05
9.981963983226037644e-05
4.462407843336745837e-05
7.919431063917136933e-05
1.622502323455755186e-04
6.786087940902977276e-05
3.807676885540009341e-04
4.728690778162808733e-05
1.274366049436749103e-04
1.008270519141045142e-04
6.555819572003310117e-05
8.978172084021568324e-05
7.441361757523461129e-04
1.080651366387721721e-04
2.359135459183079578e-04
1.779751248650205070e-04
9.304265618889037172e-04
1.248693558197871815e-04
1.179823137959003254e-04
1.440800436557557575e-04
4.720666683949746112e-05
3.628070994952521905e-05
2.252121994183006910e-04
1.681678834091079552e-04
6.667331933236338767e-04
6.280955855950350920e-04
7.152710506677192773e-05
1.722587329325630601e-04
1.204814191192906520e-04
4.679248923654917634e-05
8.563216790319901712e-05
2.680745404473096078e-05
5.227444782580584898e-04
1.268662619515416225e-04
6.676215474802587159e-05
2.371026289619832114e-04
3.694061661545014735e-04
4.339237289602515492e-05
8.949937199450168118e-05
5.426747608816907175e-05
8.387412265039348013e-05
1.189549664191599755e-04
1.686340810372526176e-04
3.719536481486005537e-05
2.815112941044231511e-03
1.395462263527909438e-04
2.564566326632562688e-04
1.826775945999738714e-04
1.262802273924939307e-04
1.179667465995543171e-04
4.175960888429742417e-05
1.836825310951793711e-04
5.051072079205519514e-05
1.231116968757872405e-04
6.865254354238086939e-05
3.761185074388769889e-04
6.819475757676152748e-05
9.429900391145070934e-04
3.856107436136825550e-04
1.765153707234236118e-04
5.799595967962381960e-04
9.544728122548079205e-05
2.531888499722686776e-04
1.797381460959138828e-04
5.664880408572896665e-05
1.435271608245805239e-04
2.252086441840968421e-04
2.083081609055607516e-04
6.076529981329293110e-05
1.208213333401189226e-04
1.842496017660284909e-04
4.302138511637261260e-04
2.366357380759860304e-04
8.850361830436981065e-05
1.084202172485504434e-19
6.673052530207487570e-05
3.455470945446671564e-04
2.478040571161447820e-04
3.909172914658278842e-05
5.074394507357914011e-05
1.866049646986556393e-04
1.234846999256059030e-04
6.915092490212591619e-05
7.317229895623727706e-04
1.063716873192638291e-04
1.536847072933976660e-04
1.135450554697272523e-04
1.770370638792011426e-04
8.461267848266539114e-05
1.429596701895579410e-04
4.114071361291350096e-04
2.139093652604320904e-04
4.702955945159288599e-04
7.279800198598389044e-05
8.455500638285694986e-05
1.432216963621704177e-04
3.420715689277813355e-05
1.815056366237385800e-04
2.674266803291524674e-04
4.682933673010711739e-05
3.197750111341569174e-04
7.725109962889976055e-04
1.425960848736452635e-04
4.379015040371222957e-05
5.060358207511273833e-04
3.440489162907672160e-05
1.620531877131882567e-04
4.573657556765326160e-05
6.058592362601757444e-04
1.249577161853692049e-04
8.606991963656132573e-05
7.614140787659945387e-05
6.965587679648288088e-05
7.012576135054839890e-05
6.248045460250564850e-05
7.336054764152708614e-05
2.885198679691744462e-04
4.433006449852649187e-05
2.775345224604621711e-04
3.055253260862358803e-05
1.074372080587546814e-04
3.049242424663031487e-04
5.495877303601738508e-05
2.149760532993608521e-04
9.768694074604046106e-05
8.850962825999985619e-04
2.192077714630570552e-04
1.654285533392149047e-04
1.847833234154274101e-04
3.088745238388270224e-04
3.443925516519816959e-04
1.809025883594091904e-04
9.507958984701674532e-04
2.842927007484030515e-04
1.130488677589947118e-04
2.927780235249774791e-04
1.727658864833960927e-04
-1.084202172485504434e-19
1.623628133250278115e-04
9.693935687678651965e-05
3.777706730243648461e-04
1.380207150496192434e-04
5.133764597714760713e-05
5.423997864645900080e-04
5.303596681110190323e-05
9.588396535179012658e-05
1.749288010699765502e-04
5.335302772134463807e-05
9.540324347887282983e-04
4.332117754216581137e-05
2.310781610657807882e-04
8.347630018557600695e-05
2.875676022415059254e-04
4.800295699992419059e-05
2.293560608149577832e-04
2.985463411128270691e-04
1.736547381748943127e-04
1.629694096505584881e-04
3.657414977747113903e-05
9.100950711369377912e-05
5.785642816225723884e-05
8.759472152418324353e-05
2.308071217517908334e-04
1.977744428413817906e-04
5.587913934278823918e-04
1.459078863367023536e-04
3.818017454978409487e-04
1.474646231289775990e-04
4.478703889054388380e-04
4.238672267304004584e-05
6.729186791610622929e-05
2.052072713307469623e-04
9.866024167558452721e-05
1.694837416320033713e-04
1.240705028156185107e-04
9.486769009248163798e-20
7.456279032217571340e-05
2.840850759964220476e-04
1.589613506516338124e-04
2.642402043671792712e-04
3.431427611696800765e-04
1.798305052358258776e-04
1.457166861982561908e-03
3.211237258624756029e-05
1.062349741818046961e-04
5.268531593904659328e-05
2.171415570550286106e-04
1.482063594722613214e-04
1.579524557659332893e-04
3.330967358570317859e-04
9.747750374366985341e-05
9.557317023656318293e-05
1.836653696252043698e-04
3.565456404205434961e-05
8.680583696865937042e-05
3.335391103908275480e-04
2.435223467042224100e-04
2.630707957451789108e-04
8.810642184677346860e-05
1.301518134553880451e-04
7.246064220998921560e-05
5.796763727592937665e-05
8.765901217308985898e-04
8.749795134750819651e-05
6.360772860579082927e-05
4.642281296830061291e-05
5.163779267752411782e-05
1.809047822044050765e-04
6.221211725345850911e-05
9.683265374874556509e-05
7.268907334407805499e-04
5.662202579422947850e-04
8.188597610027018416e-05
4.838182906515284341e-05
9.021048162143203151e-05
1.084205205251782941e-04
2.841015324433225956e-04
4.016035195298492595e-05
5.461261360461060167e-05
3.091951350552705796e-04
9.239768451031719226e-05
5.359924471544657990e-04
5.421010862427522170e-20
4.890923555069990551e-04
1.002806595863795121e-03
1.464026964568485305e-04
2.317185471460890761e-04
5.117074731182899593e-05
5.438654338506439256e-05
5.409691611754765877e-05
2.483980082056720250e-04
3.396816572476910479e-04
4.735243514778563292e-05
4.200810574371410810e-04
7.547112843400390677e-05
3.206561426745818395e-04
8.789533283292461682e-05
1.106067604368478406e-04
2.548851276005421082e-04
8.630209687304191113e-05
3.982343832927695082e-04
2.592579736208997648e-04
1.141893184447002023e-04
4.744612390084596942e-05
1.563109410871092817e-04
2.330037668334812269e-04
1.069518032985976568e-04
1.804713275834695860e-02
6.190380859619250557e-05
1.084556506614721882e-04
9.119495584322024229e-05
8.713233410056049578e-05
1.159680034161192466e-04
3.483580994796839315e-04
1.253882476426404567e-04
1.877755661348641373e-04
2.466001157106022636e-04
6.577702658171476571e-05
1.025616919392866120e-04
7.948313615596302106e-05
3.252606517456513302e-19
2.051310743824016035e-04
7.977997501755983677e-05
3.840747450880944221e-05
2.135820231730832736e-04
5.411791627903878629e-04
2.588772027521882161e-04
2.345671111802498810e-04
9.817819269859677338e-04
1.404572571654850337e-04
2.355250712918384730e-04
8.055442282293968047e-04
5.840764947844342319e-05
1.706075317019024786e-04
1.434280231003414873e-04
1.344413932758114485e-04
7.793471059546467532e-05
1.022620861714782284e-04
1.311888658886357407e-04
1.813881641571271739e-04
1.335422073961793025e-03
1.043717715578064626e-04
1.808155510523751133e-04
1.652201103620749411e-04
6.125298092097742242e-05
6.885907819626351520e-04
1.455512554087018677e-04
3.692825084080009397e-04
1.072071970685425202e-04
4.275479468828747524e-04
9.081959465710694526e-04
2.377387520314409516e-04
2.594384779984344183e-04
4.541370966105909117e-05
5.095522240646883422e-05
9.471018965283060996e-05
3.886423102512889035e-05
3.465308402460456514e-04
6.248979826572533555e-05
8.003901727651426858e-05
6.060369327572431305e-05
1.315029142326719098e-04
5.746162493043688448e-05
5.000544592358630892e-04
9.791353606895685272e-05
1.902746141041593633e-02
2.849724080449338691e-04
3.016196448467544310e-04
1.864405855606567769e-04
1.182882798153597423e-04
8.964408531837929860e-05
4.848861557428510894e-05
1.078451157102282184e-04
2.340966162192984509e-04
2.469035634942663075e-04
2.839244533012676847e-04
5.836898754905915101e-05
3.110240590344785815e-05
8.408408245776029548e-05
4.012686766115444693e-05
2.268412900289235447e-04
1.925444291201844869e-04
1.593132848217078965e-04
4.376954038079681184e-04
1.471514779827319411e-04
1.280145562161699355e-04
1.517702064440176345e-04
2.389089192837618217e-04
3.522387930688371076e-04
2.168404344971008868e-19
1.705469574098159946e-04
2.397022263311845915e-04
8.209599608043104731e-04
6.894462139518755292e-05
2.152141049501621437e-04
1.500584571029095113e-04
1.055283535947868428e-04
8.546576096659017877e-05
1.533724308457947859e-04
1.363451151068133596e-04
1.644275486471667366e-04
3.849640599107686297e-05
1.231499561588374593e-04
1.234306819971917957e-04
2.377053907014628020e-05
2.802384449335227875e-04
6.346046018156409254e-04
6.944980727138639460e-05
1.676033909885678579e-04
1.208440335129111931e-04
1.444599657329708267e-04
1.087427405353936231e-04
5.255503826732366396e-05
7.398438682599747795e-05
7.048213786930884500e-05
2.169058382665777992e-04
6.972125358605955935e-05
1.266385723510425262e-04
4.408461403356529838e-04
1.222387416490740134e-04
4.037699431711493656e-04
4.855866367500777771e-05
2.010759312972111102e-04
1.365497287812009381e-04
5.091000994295846434e-04
7.286947428462200831e-04
5.494976283368736619e-04
2.737881851036172908e-04
3.496909018039405449e-04
1.975630712433492113e-04
5.876746246318146673e-05
2.620029421271052286e-05
5.281057380142041785e-04
2.838531174462601632e-04
5.369492407305557406e-05
1.927139943025304026e-04
1.132965247778587895e-04
9.160638689476141138e-04
1.791976567731300477e-04
1.222533929390499713e-03
1.960880823008699192e-04
1.910458957221874759e-03
3.471605643744102732e-04
4.409738551800150672e-04
6.531234216664355747e-05
4.593402428512862032e-05
5.479042947220899855e-05
6.146327547151697471e-04
5.295773194880338359e-04
9.486769009248163798e-20
3.895642838968312678e-05
6.705309625058405109e-05
1.775245468328977326e-04
9.955950313304369134e-05
3.274946073427302041e-04
4.110022280025092808e-04
3.003487956387023068e-04
1.043438065487324378e-04
2.158372874604055230e-04
8.294666130247923630e-05
2.805587517931346694e-04
6.844092396894738888e-05
5.542848430254242566e-04
1.868778559431452527e-04
4.235603101805092787e-04
9.916039068624116345e-05
1.091771602114074697e-04
5.875813061788482229e-04
5.123441351726071291e-04
8.621844511819861377e-05
2.824236098550018557e-04
1.338134746206652125e-04
1.796120077960689670e-04
2.440984225225023303e-03
2.618409152454261057e-04
1.114148190796819153e-04
2.460022546535552894e-04
1.202225636573470358e-04
5.970093121440201746e-05
1.443347768606769474e-04
4.306163382091396613e-05
1.356816346060325904e-04
2.805005733324863462e-04
6.520229846283383214e-04
5.604370621711803144e-04
5.692251038190768424e-04
1.245619654606680657e-04
3.923448178260756695e-04
8.454225910968075116e-05
4.959757262654059223e-05
9.301881869985703611e-05
1.875652794768068203e-04
1.224634252994163540e-04
2.056651930778392835e-04
4.711686427771145198e-05
2.525993381795937020e-05
8.922155036694543644e-05
1.877913964000404827e-04
1.635946209737230506e-04
5.928386715098932821e-05
5.984430116874931392e-05
2.089396163108668428e-04
5.887219140881963606e-05
3.802091181033877244e-05
6.842842453149120842e-05
2.799533420728166273e-04
1.350006931249282498e-04
4.073843766392376759e-05
8.098767044471927540e-05
4.492624003049880735e-04
3.474877478262876048e-04
5.896765577544290651e-05
5.485671504002605453e-05
7.209536696763303200e-05
3.031040381618565452e-04
7.943478908965334552e-05
2.127728015696298870e-04
7.756410266215299412e-05
1.372944963112145828e-04
2.042914547413122051e-04
9.298933388256935178e-05
1.292640695718675009e-04
6.472348773284152153e-04
2.312396923441030548e-04
3.073088459102338472e-04
1.415532247436652926e-04
4.931628004929302755e-05
1.069810441417504875e-04
8.932153323953924255e-05
1.758131806155893847e-04
3.917022840374457019e-04
1.036122223040428138e-03
3.187209343271972734e-05
1.823916147267543183e-04
3.804169902007630303e-04
1.468871933939053329e-04
2.073633984596616009e-04
3.331022076724290547e-04
1.919903654930677330e-04
3.652193677156172745e-05
4.574418297590489052e-04
3.978496049181211606e-04
7.333657757373253784e-05
4.598625812153014827e-05
1.640297146146949177e-04
1.208200963271927216e-04
1.201868193174379819e-04
2.322477349831239372e-04
1.763901775247700139e-04
4.036200278201716100e-04
3.224827497653213007e-04
5.896487848990420724e-05
8.813363129543268205e-05
6.403399121297835648e-04
4.031343772408551239e-05
3.224743917043556944e-04
8.147520155849807019e-05
1.085081344773482822e-04
6.290880185830450199e-05
1.084916869932478706e-03
3.964799059385120436e-05
6.168712728008909907e-04
1.407038734945558454e-04
7.199070388560231801e-05
5.256627134464175407e-05
7.429095256164102443e-05
5.404215493187251591e-05
1.888142878404819032e-04
